ans =

    49    26    13


ans =

    36    24    14


ans =

     1     1    13


ans =

    64    34    54


ans =

    37    36    11


ans =

    25    20     9


ans =

    39    33     9


ans =

     1     1    13


ans =

    34     1    12
